fecha	objective	metric	first_metric_only	boost_from_average	feature_pre_filter	verbosity	seed	max_depth	min_gain_to_split	lambda_l1	lambda_l2	max_bin	num_iterations	force_row_wise	learning_rate	feature_fraction	min_data_in_leaf	num_leaves	prob_corte	ganancia	iteracion
20220521 131057	binary	custom	TRUE	TRUE	FALSE	-100	999983	-1	0	0	0	31	30	TRUE	0.169664147019503	0.481609219573438	1774	520	0.0408006420029172	9042000	1
20220521 131116	binary	custom	TRUE	TRUE	FALSE	-100	999983	-1	0	0	0	31	55	TRUE	0.0957776807424379	0.955905296383426	3672	643	0.0268343506705908	11857000	2
20220521 131132	binary	custom	TRUE	TRUE	FALSE	-100	999983	-1	0	0	0	31	28	TRUE	0.185243558907881	0.643981572678313	2636	823	0.0313019191244772	10957000	3
20220521 131148	binary	custom	TRUE	TRUE	FALSE	-100	999983	-1	0	0	0	31	38	TRUE	0.157832347507705	0.305529836323112	5482	432	0.0373826275080016	10477000	4
20220521 131220	binary	custom	TRUE	TRUE	FALSE	-100	999983	-1	0	0	0	31	134	TRUE	0.0653981569663156	0.724497425919399	4192	718	0.023017924890155	12717000	5
20220521 131238	binary	custom	TRUE	TRUE	FALSE	-100	999983	-1	0	0	0	31	63	TRUE	0.10564531692164	0.692201795680448	7047	407	0.0494636804549373	7534000	6
20220521 131254	binary	custom	TRUE	TRUE	FALSE	-100	999983	-1	0	0	0	31	19	TRUE	0.274884178636479	0.527461514389142	3271	42	0.0198801750394826	12042000	7
20220521 131324	binary	custom	TRUE	TRUE	FALSE	-100	999983	-1	0	0	0	31	25	TRUE	0.148516867771395	0.22611770324409	691	728	0.02799965517479	9919000	8
20220521 131356	binary	custom	TRUE	TRUE	FALSE	-100	999983	-1	0	0	0	31	6	TRUE	0.254977868330083	0.5896021584142	322	342	0.0343424415730018	6888000	9
20220521 131540	binary	custom	TRUE	TRUE	FALSE	-100	999983	-1	0	0	0	31	345	TRUE	0.0162924240452703	0.628274165000767	7288	524	0.0149781098691165	13238000	10
20220521 131607	binary	custom	TRUE	TRUE	FALSE	-100	999983	-1	0	0	0	31	29	TRUE	0.238836721583735	0.788749627387151	6396	811	0.00878811281290837	11283000	11
20220521 131645	binary	custom	TRUE	TRUE	FALSE	-100	999983	-1	0	0	0	31	50	TRUE	0.11632534011174	0.820285053048283	4992	219	0.0306210996141696	11418000	12
20220521 131717	binary	custom	TRUE	TRUE	FALSE	-100	999983	-1	0	0	0	31	47	TRUE	0.129208551356453	0.279593881675974	5637	150	0.0133262709840589	12647000	13
20220521 131732	binary	custom	TRUE	TRUE	FALSE	-100	999983	-1	0	0	0	31	20	TRUE	0.21064154529653	0.398928059265018	3080	952	0.0444412010421123	8909000	14
20220521 131819	binary	custom	TRUE	TRUE	FALSE	-100	999983	-1	0	0	0	31	96	TRUE	0.0491742083641002	0.88306680880487	2066	1007	0.0112735727224693	12905000	15
20220521 131836	binary	custom	TRUE	TRUE	FALSE	-100	999983	-1	0	0	0	31	22	TRUE	0.285611808916554	0.420207212166861	4473	67	0.0475800218007256	8360000	16
20220521 131908	binary	custom	TRUE	TRUE	FALSE	-100	999983	-1	0	0	0	31	71	TRUE	0.0729776381946867	0.871651644650847	6511	905	0.0437354291245962	8524000	17
20220521 131924	binary	custom	TRUE	TRUE	FALSE	-100	999983	-1	0	0	0	31	11	TRUE	0.223206691156956	0.963082350604236	1207	176	0.0183928405264548	11289000	18
20220521 131937	binary	custom	TRUE	TRUE	FALSE	-100	999983	-1	0	0	0	31	32	TRUE	0.26712985932047	0.344125520065427	7775	615	0.0229086908870765	12096000	19
20220521 132056	binary	custom	TRUE	TRUE	FALSE	-100	999983	-1	0	0	0	31	126	TRUE	0.034126012095483	0.474170783841983	978	311	0.0392481365682518	9430000	20
20220521 132303	binary	custom	TRUE	TRUE	FALSE	-100	999983	-1	0	0	0	31	332	TRUE	0.0139038535008731	0.605595113543144	4606	487	0.0163123345861374	13692000	21
20220521 132541	binary	custom	TRUE	TRUE	FALSE	-100	999983	-1	0	0	0	31	603	TRUE	0.0110829650480815	0.702210594049976	5713	231	0.0186537674895579	13264000	22
20220521 132840	binary	custom	TRUE	TRUE	FALSE	-100	999983	-1	0	0	0	31	526	TRUE	0.0101928057575722	0.42985719627614	4056	866	0.0156593004749258	13712000	23
20220521 133215	binary	custom	TRUE	TRUE	FALSE	-100	999983	-1	0	0	0	31	338	TRUE	0.0105451274725465	0.41116740261927	3119	596	0.0156976724145912	13641000	24
20220521 172845	binary	custom	TRUE	TRUE	FALSE	-100	999983	-1	0	0	0	31	518	TRUE	0.0102863307874335	0.680791696787196	3570	1017	0.0169491410444785	13733000	25
20220521 173145	binary	custom	TRUE	TRUE	FALSE	-100	999983	-1	0	0	0	31	708	TRUE	0.010295482244251	0.719075697520699	3487	805	0.015990843507373	13574000	26
20220521 173545	binary	custom	TRUE	TRUE	FALSE	-100	999983	-1	0	0	0	31	710	TRUE	0.0100489534731296	0.45761782390126	2884	1024	0.0170173243602071	13665000	27
20220521 173854	binary	custom	TRUE	TRUE	FALSE	-100	999983	-1	0	0	0	31	628	TRUE	0.0100381396065094	0.39020532972289	5409	1024	0.0175155837690671	13705000	28
20220521 174139	binary	custom	TRUE	TRUE	FALSE	-100	999983	-1	0	0	0	31	584	TRUE	0.010041203632883	0.250929560724509	5011	559	0.0175548667954833	13412000	29
20220521 174221	binary	custom	TRUE	TRUE	FALSE	-100	999983	-1	0	0	0	31	88	TRUE	0.0514074157962838	0.532620060067113	4368	1024	0.0165467161487572	13420000	30
20220521 174630	binary	custom	TRUE	TRUE	FALSE	-100	999983	-1	0	0	0	31	840	TRUE	0.010015360657437	0.568411986279294	3724	232	0.0138776316172358	13443000	31
20220521 174932	binary	custom	TRUE	TRUE	FALSE	-100	999983	-1	0	0	0	31	572	TRUE	0.010035585837705	0.58911801303297	5267	1000	0.0149900832546777	13438000	32
20220521 175310	binary	custom	TRUE	TRUE	FALSE	-100	999983	-1	0	0	0	31	659	TRUE	0.010016601660379	0.474823940801572	3986	499	0.0171742474646799	13761000	33
20220521 175640	binary	custom	TRUE	TRUE	FALSE	-100	999983	-1	0	0	0	31	762	TRUE	0.0100874029861075	0.395595376455005	7970	1017	0.0196135521724827	13024000	34
20220521 175935	binary	custom	TRUE	TRUE	FALSE	-100	999983	-1	0	0	0	31	434	TRUE	0.0101246368194675	0.437295625304953	3898	1004	0.0181715553381553	13633000	35
20220521 180122	binary	custom	TRUE	TRUE	FALSE	-100	999983	-1	0	0	0	31	37	TRUE	0.0102728500219535	0.400623073393692	3242	483	0.00833667403615534	11645000	36
20220521 180421	binary	custom	TRUE	TRUE	FALSE	-100	999983	-1	0	0	0	31	483	TRUE	0.0101370140694314	0.436713213604235	4071	36	0.0163788475656857	13782000	37
20220521 180711	binary	custom	TRUE	TRUE	FALSE	-100	999983	-1	0	0	0	31	405	TRUE	0.010014912019876	0.445249050358923	4018	252	0.0162346394466287	13723000	38
20220521 181029	binary	custom	TRUE	TRUE	FALSE	-100	999983	-1	0	0	0	31	616	TRUE	0.0103486632588585	0.442124664400915	6121	1023	0.0283246528756202	11761000	39
20220521 181251	binary	custom	TRUE	TRUE	FALSE	-100	999983	-1	0	0	0	31	595	TRUE	0.0101536179107662	0.461960620771896	796	19	0.0152096652853868	13439000	40
20220521 182145	binary	custom	TRUE	TRUE	FALSE	-100	999983	-1	0	0	0	31	71	TRUE	0.010324497357297	0.61333564493623	12	910	0.0139400422903862	2876000	41
20220521 182314	binary	custom	TRUE	TRUE	FALSE	-100	999983	-1	0	0	0	31	492	TRUE	0.0203303971190772	0.352135427609345	1984	16	0.0192213936641929	13296000	42
20220521 182544	binary	custom	TRUE	TRUE	FALSE	-100	999983	-1	0	0	0	31	406	TRUE	0.0110002392332658	0.94507958457783	2503	60	0.0153335004630314	13314000	43
20220521 182607	binary	custom	TRUE	TRUE	FALSE	-100	999983	-1	0	0	0	31	51	TRUE	0.162879079273535	0.200847793910319	2941	1024	0.0162443692633359	12803000	44
20220521 182638	binary	custom	TRUE	TRUE	FALSE	-100	999983	-1	0	0	0	31	86	TRUE	0.0995463234845937	0.55074153027698	8000	16	0.0154413959604574	12972000	45
20220521 182658	binary	custom	TRUE	TRUE	FALSE	-100	999983	-1	0	0	0	31	54	TRUE	0.0997491664973712	0.437410830629675	1346	16	0.0154604608097029	13078000	46
20220521 182935	binary	custom	TRUE	TRUE	FALSE	-100	999983	-1	0	0	0	31	750	TRUE	0.0123684611424983	0.200629668247833	6859	1024	0.0148668714590419	13220000	47
20220521 183014	binary	custom	TRUE	TRUE	FALSE	-100	999983	-1	0	0	0	31	98	TRUE	0.0506908536435671	0.993398665211944	3013	1024	0.015315250218279	13118000	48
20220521 183028	binary	custom	TRUE	TRUE	FALSE	-100	999983	-1	0	0	0	31	36	TRUE	0.299956415907617	0.934146120171355	7266	18	0.0158430162970673	12732000	49
20220521 183211	binary	custom	TRUE	TRUE	FALSE	-100	999983	-1	0	0	0	31	431	TRUE	0.0182626189475662	0.676593013714083	4411	63	0.0164475231856577	13486000	50
20220521 183228	binary	custom	TRUE	TRUE	FALSE	-100	999983	-1	0	0	0	31	34	TRUE	0.296634517467033	0.413397052230186	6731	16	0.0171298987839457	12452000	51
20220521 183348	binary	custom	TRUE	TRUE	FALSE	-100	999983	-1	0	0	0	31	228	TRUE	0.0249202937840586	0.429018412980325	5683	651	0.0166618321136092	13708000	52
20220521 183521	binary	custom	TRUE	TRUE	FALSE	-100	999983	-1	0	0	0	31	456	TRUE	0.0154191696156628	0.996901988178447	7998	338	0.0168682206387396	13045000	53
20220521 183716	binary	custom	TRUE	TRUE	FALSE	-100	999983	-1	0	0	0	31	575	TRUE	0.010161030074829	0.200595008624717	1236	19	0.0153510420540336	13324000	54
20220521 183731	binary	custom	TRUE	TRUE	FALSE	-100	999983	-1	0	0	0	31	14	TRUE	0.299779576994126	0.865105908786534	2568	1024	0.011310709262031	12129000	55
20220521 183747	binary	custom	TRUE	TRUE	FALSE	-100	999983	-1	0	0	0	31	46	TRUE	0.155100943452087	0.854264341229904	7997	552	0.0165518718851673	12829000	56
20220521 183918	binary	custom	TRUE	TRUE	FALSE	-100	999983	-1	0	0	0	31	317	TRUE	0.0101275895080468	0.612203475742042	1707	17	0.0150494774495952	13590000	57
20220521 184237	binary	custom	TRUE	TRUE	FALSE	-100	999983	-1	0	0	0	31	758	TRUE	0.0100996185858504	0.279691297218369	8000	363	0.0159686814222466	13457000	58
20220521 184528	binary	custom	TRUE	TRUE	FALSE	-100	999983	-1	0	0	0	31	527	TRUE	0.0100668262184835	0.486716221715813	3118	21	0.0163813529317007	13780000	59
20220521 184907	binary	custom	TRUE	TRUE	FALSE	-100	999983	-1	0	0	0	31	624	TRUE	0.0100423549987053	0.439286641405046	5370	118	0.016360060862653	13547000	60
20220521 185359	binary	custom	TRUE	TRUE	FALSE	-100	999983	-1	0	0	0	31	984	TRUE	0.0103796772882904	0.398192373844527	6305	401	0.01684083561369	13729000	61
20220521 185836	binary	custom	TRUE	TRUE	FALSE	-100	999983	-1	0	0	0	31	775	TRUE	0.0101056234566798	0.394280669741509	7274	237	0.017655332782766	13210000	62
20220521 190141	binary	custom	TRUE	TRUE	FALSE	-100	999983	-1	0	0	0	31	592	TRUE	0.0107119808553954	0.438894300706254	3576	20	0.0245603729492656	12771000	63
20220521 190158	binary	custom	TRUE	TRUE	FALSE	-100	999983	-1	0	0	0	31	23	TRUE	0.296734265225797	0.450614928822254	7999	328	0.0129426718502621	12212000	64
20220521 190210	binary	custom	TRUE	TRUE	FALSE	-100	999983	-1	0	0	0	31	11	TRUE	0.299684774908747	0.900328712953343	5450	388	0.0170124564497804	12320000	65
20220521 190508	binary	custom	TRUE	TRUE	FALSE	-100	999983	-1	0	0	0	31	401	TRUE	0.0116188758984646	0.424941093110924	3515	1020	0.0156217189892874	13524000	66
20220521 190826	binary	custom	TRUE	TRUE	FALSE	-100	999983	-1	0	0	0	31	626	TRUE	0.0102837409199467	0.351123246083389	5996	860	0.0168795918999895	13793000	67
20220521 191235	binary	custom	TRUE	TRUE	FALSE	-100	999983	-1	0	0	0	31	814	TRUE	0.0108437115723149	0.786885097267386	2661	1023	0.0167638283548951	13675000	68
20220521 191601	binary	custom	TRUE	TRUE	FALSE	-100	999983	-1	0	0	0	31	525	TRUE	0.0101224207866132	0.445792115053155	4471	671	0.0171195946900001	13694000	69
20220521 192052	binary	custom	TRUE	TRUE	FALSE	-100	999983	-1	0	0	0	31	697	TRUE	0.0100447542821275	0.502856786990598	2589	361	0.016684822470627	13687000	70
20220521 192413	binary	custom	TRUE	TRUE	FALSE	-100	999983	-1	0	0	0	31	678	TRUE	0.0100145694270405	0.357235198147018	5606	869	0.0168552426768983	13875000	71
20220521 192441	binary	custom	TRUE	TRUE	FALSE	-100	999983	-1	0	0	0	31	92	TRUE	0.0840589166238705	0.200438964262269	7998	828	0.0162709211136727	13115000	72
20220521 192717	binary	custom	TRUE	TRUE	FALSE	-100	999983	-1	0	0	0	31	443	TRUE	0.0104140055578654	0.682419732671425	2870	592	0.0170381573127254	13673000	73
20220521 192956	binary	custom	TRUE	TRUE	FALSE	-100	999983	-1	0	0	0	31	566	TRUE	0.0100917030152466	0.824682401662418	4090	402	0.0165061118010624	13541000	74
20220521 193335	binary	custom	TRUE	TRUE	FALSE	-100	999983	-1	0	0	0	31	878	TRUE	0.0103968243072115	0.358527341710823	6639	763	0.0171862209764543	13831000	75
20220521 193758	binary	custom	TRUE	TRUE	FALSE	-100	999983	-1	0	0	0	31	1067	TRUE	0.0102180819585293	0.406636699752833	6575	876	0.0169298651804208	13654000	76
20220521 194054	binary	custom	TRUE	TRUE	FALSE	-100	999983	-1	0	0	0	31	629	TRUE	0.0102320657404626	0.331973748007297	6550	605	0.0167428800382252	13613000	77
20220521 194417	binary	custom	TRUE	TRUE	FALSE	-100	999983	-1	0	0	0	31	674	TRUE	0.0100814253190445	0.401325565709287	5525	778	0.0171898079194992	13814000	78
20220521 194507	binary	custom	TRUE	TRUE	FALSE	-100	999983	-1	0	0	0	31	129	TRUE	0.0410211369365458	0.201075528351599	2678	854	0.0237032093574327	12714000	79
20220521 194628	binary	custom	TRUE	TRUE	FALSE	-100	999983	-1	0	0	0	31	251	TRUE	0.0252783367092386	0.38491432937324	5627	408	0.0172484642872805	13560000	80
20220521 194643	binary	custom	TRUE	TRUE	FALSE	-100	999983	-1	0	0	0	31	32	TRUE	0.158110570155451	0.934108182365964	6266	17	0.0156439780882478	12700000	81
20220521 194654	binary	custom	TRUE	TRUE	FALSE	-100	999983	-1	0	0	0	31	15	TRUE	0.29874532842003	0.997178145447459	7999	16	0.0270512564881145	11763000	82
20220521 194707	binary	custom	TRUE	TRUE	FALSE	-100	999983	-1	0	0	0	31	15	TRUE	0.291722735285686	0.202563970992172	5684	1014	0.0180742498813326	12860000	83
20220521 194730	binary	custom	TRUE	TRUE	FALSE	-100	999983	-1	0	0	0	31	57	TRUE	0.144912963274425	0.299229255587453	5709	759	0.0167041900632203	13308000	84
20220521 195048	binary	custom	TRUE	TRUE	FALSE	-100	999983	-1	0	0	0	31	629	TRUE	0.0101154649557652	0.490744557485252	6345	16	0.0149450061423639	13535000	85
20220521 195354	binary	custom	TRUE	TRUE	FALSE	-100	999983	-1	0	0	0	31	651	TRUE	0.0101340108084801	0.339156318251301	6320	745	0.0161867533387569	13807000	86
20220521 195653	binary	custom	TRUE	TRUE	FALSE	-100	999983	-1	0	0	0	31	509	TRUE	0.0115417305426747	0.578265421529606	6645	346	0.0160019904541139	13660000	87
20220521 195922	binary	custom	TRUE	TRUE	FALSE	-100	999983	-1	0	0	0	31	526	TRUE	0.0100818896170308	0.687760149879503	8000	60	0.00846373038985358	11099000	88
20220521 200131	binary	custom	TRUE	TRUE	FALSE	-100	999983	-1	0	0	0	31	362	TRUE	0.0106194276967881	0.624614163111269	8000	431	0.0199847214326049	12698000	89
20220521 200148	binary	custom	TRUE	TRUE	FALSE	-100	999983	-1	0	0	0	31	34	TRUE	0.299898593681682	0.998244958191526	7968	1024	0.0188009436307549	12943000	90
20220521 200427	binary	custom	TRUE	TRUE	FALSE	-100	999983	-1	0	0	0	31	685	TRUE	0.0106543637126052	0.892383263137213	6780	746	0.0170266465757328	13083000	91
20220521 200442	binary	custom	TRUE	TRUE	FALSE	-100	999983	-1	0	0	0	31	18	TRUE	0.299653186515481	0.658910198740824	7086	791	0.0175584162495986	13033000	92
20220521 200534	binary	custom	TRUE	TRUE	FALSE	-100	999983	-1	0	0	0	31	59	TRUE	0.0108424175392595	0.85936590956955	1175	16	0.0111430959790847	12924000	93
20220521 200644	binary	custom	TRUE	TRUE	FALSE	-100	999983	-1	0	0	0	31	221	TRUE	0.0103212155742962	0.960680989979813	1083	16	0.0225994523672395	12252000	94
20220521 200659	binary	custom	TRUE	TRUE	FALSE	-100	999983	-1	0	0	0	31	21	TRUE	0.29989649704059	0.8591312207569	5692	1023	0.0243949462591754	12274000	95
20220521 201017	binary	custom	TRUE	TRUE	FALSE	-100	999983	-1	0	0	0	31	464	TRUE	0.0109124797335438	0.86466780570631	2860	1024	0.0110225191900619	12760000	96
20220521 201054	binary	custom	TRUE	TRUE	FALSE	-100	999983	-1	0	0	0	31	36	TRUE	0.107230247147441	0.726938861513262	2435	1020	0.0170511853977782	13256000	97
20220521 201427	binary	custom	TRUE	TRUE	FALSE	-100	999983	-1	0	0	0	31	440	TRUE	0.0101491113402994	0.478971105468169	2356	657	0.0164750462610993	13827000	98
20220521 201717	binary	custom	TRUE	TRUE	FALSE	-100	999983	-1	0	0	0	31	424	TRUE	0.0105005920517336	0.996748797847149	2202	507	0.0159862991971001	13307000	99
20220521 202054	binary	custom	TRUE	TRUE	FALSE	-100	999983	-1	0	0	0	31	514	TRUE	0.0101558048227476	0.576513114955872	3947	707	0.0167371840900084	13660000	100
20220521 202442	binary	custom	TRUE	TRUE	FALSE	-100	999983	-1	0	0	0	31	447	TRUE	0.0111004147090339	0.449382609311521	2294	533	0.0164077137202896	13937000	101
20220521 202909	binary	custom	TRUE	TRUE	FALSE	-100	999983	-1	0	0	0	31	620	TRUE	0.0101039352732105	0.473306486644829	2196	94	0.0153049781714871	13918000	102
20220521 203235	binary	custom	TRUE	TRUE	FALSE	-100	999983	-1	0	0	0	31	531	TRUE	0.0102465766125086	0.452056798028832	2270	48	0.0154065540476891	13679000	103
20220521 203614	binary	custom	TRUE	TRUE	FALSE	-100	999983	-1	0	0	0	31	429	TRUE	0.0103667743540998	0.472995977816925	1929	148	0.0163248908673633	13764000	104
20220521 203901	binary	custom	TRUE	TRUE	FALSE	-100	999983	-1	0	0	0	31	347	TRUE	0.0196865037868053	0.510984128789024	2175	514	0.0160157170740046	13650000	105
20220521 204256	binary	custom	TRUE	TRUE	FALSE	-100	999983	-1	0	0	0	31	661	TRUE	0.0102006319263644	0.601733250591136	3359	102	0.0168556997450529	13531000	106
20220521 204317	binary	custom	TRUE	TRUE	FALSE	-100	999983	-1	0	0	0	31	22	TRUE	0.299271504076524	0.24871870805059	2108	1024	0.0186527498630604	11538000	107
20220521 204335	binary	custom	TRUE	TRUE	FALSE	-100	999983	-1	0	0	0	31	22	TRUE	0.221317736645605	0.35192099477687	7441	1023	0.0168128575535844	12639000	108
20220521 204352	binary	custom	TRUE	TRUE	FALSE	-100	999983	-1	0	0	0	31	20	TRUE	0.229964443135712	0.999633027735846	4194	979	0.0165119176907084	12402000	109
20220521 204408	binary	custom	TRUE	TRUE	FALSE	-100	999983	-1	0	0	0	31	32	TRUE	0.299435728954932	0.225019384088155	769	16	0.0119272892156743	11092000	110
20220521 204745	binary	custom	TRUE	TRUE	FALSE	-100	999983	-1	0	0	0	31	1206	TRUE	0.0104895613203331	0.281454059593469	940	16	0.0262444816859934	12337000	111
20220521 204758	binary	custom	TRUE	TRUE	FALSE	-100	999983	-1	0	0	0	31	28	TRUE	0.299706107430715	0.984121268238591	7999	989	0.0334426679557545	10668000	112
20220521 204810	binary	custom	TRUE	TRUE	FALSE	-100	999983	-1	0	0	0	31	15	TRUE	0.298425826490956	0.999768431802879	7856	719	0.0155769298052752	12657000	113
20220521 204826	binary	custom	TRUE	TRUE	FALSE	-100	999983	-1	0	0	0	31	22	TRUE	0.259274320449362	0.999360290734547	7001	375	0.0194115405535278	12569000	114
20220521 205103	binary	custom	TRUE	TRUE	FALSE	-100	999983	-1	0	0	0	31	370	TRUE	0.0136909927513615	0.35893991953231	2807	745	0.0172660668917823	13516000	115
20220521 205208	binary	custom	TRUE	TRUE	FALSE	-100	999983	-1	0	0	0	31	193	TRUE	0.0251218760973568	0.723163924120879	4822	860	0.0167518618521217	13399000	116
20220521 205235	binary	custom	TRUE	TRUE	FALSE	-100	999983	-1	0	0	0	31	39	TRUE	0.158826613836691	0.480592061483371	4222	92	0.0151651528436968	13196000	117
20220521 205627	binary	custom	TRUE	TRUE	FALSE	-100	999983	-1	0	0	0	31	649	TRUE	0.0100433081297716	0.458166813978845	5748	770	0.0162381914668112	13808000	118
20220521 205922	binary	custom	TRUE	TRUE	FALSE	-100	999983	-1	0	0	0	31	616	TRUE	0.0100227002781998	0.676025732377777	5531	390	0.0149789565542298	13428000	119
20220521 210146	binary	custom	TRUE	TRUE	FALSE	-100	999983	-1	0	0	0	31	479	TRUE	0.0117909433438651	0.492285693234294	4732	16	0.0160723257231634	13702000	120
