Feature	Gain	Cover	Frequency
mpayroll	0.247566981409955	0.124099036543144	0.0423423423423423
Visa_msaldopesos	0.101896422223868	0.012696142860887	0.0116366366366366
Master_mpagospesos	0.0683843630998969	0.0155921249394742	0.0127627627627628
Visa_mlimitecompra	0.0521330638630599	0.0028113917876776	0.00525525525525526
mtransferencias_recibidas	0.0470768491406302	0.0105629745539706	0.0141891891891892
Visa_cconsumos	0.0469197929089934	0.0165768368438703	0.0107357357357357
Master_msaldototal	0.041319506686743	0.00548648429061472	0.00570570570570571
mcuentas_saldo	0.0333746012475658	0.0150084760752631	0.0241741741741742
Visa_mpagosdolares	0.030021838076028	0.00416701321213468	0.0033033033033033
Visa_mpagospesos	0.0277786749381042	0.00753059389255257	0.016966966966967
cliente_antiguedad	0.0239269735744197	0.00742969145651477	0.0254504504504505
mtarjeta_visa_debitos_automaticos	0.0229612603318492	0.0093943917914373	0.00968468468468468
mpasivos_margen	0.0200711062128648	0.0170631930496835	0.0247747747747748
ctarjeta_visa_debitos_automaticos	0.0194956743566843	0.00168579536318922	0.0039039039039039
Master_fechaalta	0.0180798585809264	0.0163443118684487	0.0267267267267267
mplazo_fijo_dolares	0.0176235073480811	0.00740931782478623	0.00315315315315315
Visa_Fvencimiento	0.0117820735525196	0.00972951895256215	0.0244744744744745
mtransferencias_emitidas	0.00975719052261841	0.00407924538233165	0.00923423423423423
Visa_msaldototal	0.00941821248672528	0.00980530481278783	0.0117867867867868
Visa_mconsumospesos	0.00922627048531217	0.0398886250811209	0.0271771771771772
Visa_msaldodolares	0.00874729921817684	0.0124829401256483	0.00705705705705706
mcomisiones	0.00805689474171184	0.00589258038106919	0.0142642642642643
Master_mpagominimo	0.00755131438508891	0.00486098225480235	0.00645645645645646
mrentabilidad	0.00688851200586823	0.0124202226729304	0.0241741741741742
mcomisiones_otras	0.00659641388185109	0.0067502627695188	0.00975975975975976
Master_mconsumospesos	0.00649246894150724	0.010655555420627	0.00840840840840841
mactivos_margen	0.00628072358750338	0.0174487130181858	0.0235735735735736
Visa_madelantopesos	0.00617508291365388	1.44468986454247e-06	7.50750750750751e-05
numero_de_cliente	0.00604786339415537	0.0128978873752998	0.0375375375375375
mcaja_ahorro_dolares	0.00576381667615602	0.0110087256288876	0.0162912912912913
mcaja_ahorro	0.00551224157599957	0.0077548303979562	0.0172672672672673
Visa_mpagominimo	0.0047135164419554	0.00709432481176008	0.0153903903903904
ctarjeta_visa_trx	0.00451267556923174	0.0137822556387944	0.00855855855855856
cliente_edad	0.00441620458135561	0.0119730405372986	0.0261261261261261
mcuenta_debitos_automaticos	0.00301686889168287	0.0115218261203872	0.00900900900900901
ctrx_quarter	0.00289219938554789	0.0145648842470575	0.0256756756756757
mtarjeta_visa_consumo	0.00285090034308653	0.0335914848094667	0.0174924924924925
matm_other	0.00278306657671364	0.00373117442306734	0.00255255255255255
Visa_fechaalta	0.00261092313646942	0.0158791022618522	0.0245495495495496
matm	0.00259117501530476	0.00194048133596694	0.0027027027027027
ccajas_consultas	0.00258432122278556	0.000638556814170534	0.00165165165165165
Master_fultimo_cierre	0.00246503279558862	0.00261927529399278	0.00397897897897898
mcuenta_corriente	0.00240912481109246	0.0146191516269828	0.0210960960960961
Master_mfinanciacion_limite	0.00224302305869553	0.00475760126054681	0.0186936936936937
ctarjeta_visa_trx2	0.0019586735064603	0.000900302686474985	0.00435435435435435
mrentabilidad_annual	0.00194303789365545	0.0161867744744866	0.0308558558558559
Visa_mfinanciacion_limite	0.00187278819426339	0.00360913122887697	0.0127627627627628
minversion2	0.00183121723664436	0.00418814228815896	0.0015015015015015
ctransferencias_emitidas	0.00180523028011642	0.00190761561505929	0.00548048048048048
Visa_mpagado	0.00161683075146505	0.0137226027977299	0.00923423423423423
ccallcenter_trx	0.00159565076434306	0.00761271925439408	0.00510510510510511
ccuenta_debitos_automaticos	0.00146411099959358	0.00331364152902214	0.0033033033033033
mtarjeta_visa_descuentos	0.00137598254378447	0.056306988013745	0.0223723723723724
mextraccion_autoservicio	0.00132031711136797	0.00536363308255133	0.00397897897897898
Master_Fvencimiento	0.00116712753485563	0.00915536960566799	0.0245495495495496
Master_mpagado	0.000911887517217094	0.0139699134535172	0.00540540540540541
Master_cconsumos	0.000909108066893262	0.00115886907286461	0.00345345345345345
Master_mlimitecompra	0.0008934497445747	0.00355650713499712	0.0033033033033033
mautoservicio	0.000843475905032792	0.00376228003664676	0.00758258258258258
Visa_mconsumosdolares	0.000646856224181945	0.00837783051129426	0.00638138138138138
cproductos	0.000548461668726941	0.00348533376842252	0.00788288288288288
mcomisiones_mantenimiento	0.000522153309869783	0.00441014556003883	0.00435435435435435
chomebanking_trx	0.000520902627415889	0.00956431029435978	0.0171171171171171
cextraccion_autoservicio	0.00050937778724307	0.0031520368073956	0.00397897897897898
cpagomiscuentas	0.000446314068942759	0.00790410463317822	0.00405405405405405
ccomisiones_otras	0.000284878165537952	0.00919573135889166	0.0105855855855856
Master_mpagosdolares	0.000277574291337768	0.0483191361499151	0.0157657657657658
ctarjeta_debito_trx	0.000265381121577906	0.0057915046601285	0.00653153153153153
mtarjeta_master_consumo	0.000260650820348454	0.0141586693882988	0.00690690690690691
ctransferencias_recibidas	0.00019007775299487	0.00285503232490651	0.00503003003003003
ctarjeta_master_trx	0.000124087180601127	0.00454954450281751	0.003003003003003
mprestamos_personales	0.000110047947250038	0.0125969070751511	0.00818318318318318
Master_msaldopesos	9.59076627669027e-05	0.00681186847302821	0.00533033033033033
mpagomiscuentas	9.48017266007095e-05	0.0103897208034229	0.00623123123123123
cpayroll_trx	9.46893076581683e-05	0.00585746195642398	0.00352852852852853
mttarjeta_master_debitos_automaticos	7.39986678955919e-05	0.00246006930270737	0.003003003003003
Visa_fultimo_cierre	7.09175124512895e-05	0.000732397403660229	0.00285285285285285
ctarjeta_visa_descuentos	5.3688315952983e-05	0.0158673792461185	0.00578078078078078
ctarjeta_master_debitos_automaticos	4.80959084664747e-05	0.0018859919956043	0.00165165165165165
catm_trx	4.65107432805309e-05	0.00432702721729311	0.00277777777777778
cmobile_app_trx	3.15770280176051e-05	0.000157889804831998	0.00187687687687688
Master_mconsumosdolares	2.56757618828284e-05	0.00612954651226039	0.00187687687687688
ccajas_otras	2.44363103746337e-05	0.00102781311670259	0.00112612612612613
mforex_sell	2.19140948663887e-05	0.000170598013384382	0.00105105105105105
ccajas_trx	1.80154030757119e-05	3.37204632938154e-05	0.000375375375375375
cseguro_accidentes_personales	1.28681690036104e-05	0.00376671340433081	0.00202702702702703
minversion1_pesos	1.1836359816618e-05	0.00507684267422585	0.00172672672672673
mcheques_depositados	8.54223711996707e-06	0.00372673910836191	0.00292792792792793
ctarjeta_debito	7.04351562123503e-06	0.00140139589711934	0.00465465465465466
internet	4.36817117924046e-06	0.00120785418378378	0.00142642642642643
cplazo_fijo	2.94329191864913e-06	0.00107332084743568	0.000675675675675676
ccajeros_propios_descuentos	2.76231693668881e-06	0.00130481584854688	0.000975975975975976
Master_msaldodolares	2.67449669570509e-06	0.00714704041564483	0.003003003003003
ccheques_depositados	2.19554162450439e-06	0.000765099574771893	0.000600600600600601
cprestamos_personales	2.1330221273059e-06	0.00585759045983511	0.00397897897897898
mcajeros_propios_descuentos	1.64130146813996e-06	0.00151610660878966	0.00142642642642643
catm_trx_other	1.00547679545241e-06	0.00140107074454874	0.0012012012012012
cinversion2	8.59613451676105e-07	0.0026925339204662	0.00105105105105105
thomebanking	7.23407939545965e-07	0.000309946333607164	0.0015015015015015
ccomisiones_mantenimiento	6.63731001220097e-07	0.0023599846156495	0.00217717717717718
Master_Finiciomora	6.0854591538445e-07	0.00162818494755317	0.000900900900900901
ccuenta_corriente	5.96695632033395e-07	2.07552479191681e-06	0.00015015015015015
cseguro_vivienda	4.77713921188382e-07	0.000702125115231783	0.000675675675675676
ccajas_depositos	4.00100741907678e-07	0.000280287356913666	0.000600600600600601
cpagodeservicios	3.94063447010383e-07	0.000496630637639592	0.000600600600600601
active_quarter	3.88399827762038e-07	7.60487081120814e-05	0.00142642642642643
mprestamos_hipotecarios	3.37273492302356e-07	0.00678549022736134	0.0021021021021021
cseguro_vida	3.17116363861736e-07	0.000105742731190433	0.00105105105105105
ccajas_extracciones	3.04329915867373e-07	0.000128468364746956	0.000225225225225225
tpaquete7	2.316828068524e-07	0.00298611359234648	0.0018018018018018
mcaja_ahorro_adicional	1.8458247101941e-07	0.00214541312438009	0.00255255255255255
ccaja_seguridad	1.82868184484654e-07	0.00354039942711388	0.00187687687687688
mtarjeta_master_descuentos	1.49200865122438e-07	0.000417437489997543	0.000375375375375375
mcheques_emitidos	1.42208209016389e-07	0.00428391042881563	0.00142642642642643
tpaquete9	1.36487189278927e-07	0.000713589177121845	0.00127627627627628
ccaja_ahorro	1.29454112236564e-07	0.00222422270881012	0.00450450450450451
mdescubierto_preacordado	1.19448139601017e-07	0.00290047775095542	0.00195195195195195
tmobile_app	7.62186062701336e-08	0.000922510412344218	0.000750750750750751
Visa_Finiciomora	7.46005652980547e-08	0.000411218703707315	0.000600600600600601
Visa_delinquency	6.78143053425488e-08	5.33074983845126e-05	0.000375375375375375
cinversion1	6.26885325197353e-08	5.01416416193561e-05	0.00015015015015015
minversion1_dolares	6.07851518363012e-08	0.000914367968929776	0.0003003003003003
cforex	6.00095846688244e-08	0.000176624044557911	0.000450450450450451
cforex_buy	5.75193951069357e-08	0.000686126440545873	0.000375375375375375
cforex_sell	5.14925574213393e-08	0.000161593039498251	0.000225225225225225
ctarjeta_master	4.98511850101864e-08	0.00145009090185277	0.000600600600600601
mprestamos_prendarios	3.99097010870857e-08	0.00117093087031858	0.000975975975975976
mpagodeservicios	3.65428555389961e-08	6.22268033298887e-05	0.000375375375375375
tcuentas	3.50920023346091e-08	0.00137906161486035	0.000750750750750751
ccheques_emitidos	3.38069302106584e-08	0.000466031249619175	0.000225225225225225
mcuenta_corriente_adicional	2.88804125704605e-08	0.000314800257909461	0.00015015015015015
ctarjeta_visa	2.77204411208683e-08	0.000285873361255139	0.0003003003003003
mforex_buy	2.51819999910396e-08	0.00349200231665171	0.00112612612612613
cliente_vip	2.43538710567014e-08	0.00238475656867723	0.000825825825825826
ccheques_emitidos_rechazados	1.84722272242191e-08	0.000304671852686618	7.50750750750751e-05
cprestamos_prendarios	1.70091110799244e-08	0.00205652186324035	0.000750750750750751
tcallcenter	1.10768483447494e-08	0.000678418182899345	0.000525525525525526
Master_status	5.32849280941522e-09	3.16313093522331e-05	0.00015015015015015
Visa_status	4.51300513965503e-09	0.00112923540744907	0.000375375375375375
cseguro_auto	4.41202984526539e-09	0.00121830579455584	0.000375375375375375
tpaquete1	2.23864080186854e-09	1.8438292476034e-06	7.50750750750751e-05
